xof 0303txt 0032

template XSkinMeshHeader {
  <3cf169ce-ff7c-44ab-93c0-f78f62d172e2>
  WORD nMaxSkinWeightsPerVertex;
  WORD nMaxSkinWeightsPerFace;
  WORD nBones;
}

template SkinWeights {
  <6f0d123b-bad2-4167-a0d0-80224f25fabb>
  STRING transformNodeName;
  DWORD nWeights;
  array DWORD vertexIndices[nWeights];
  array float weights[nWeights];
  Matrix4x4 matrixOffset;
}

Frame Root {
  FrameTransformMatrix {
     1.000000, 0.000000, 0.000000, 0.000000,
     0.000000,-0.000000, 1.000000, 0.000000,
     0.000000, 1.000000, 0.000000, 0.000000,
     0.000000, 0.000000, 0.000000, 1.000000;;
  }
  Frame Armature {
    FrameTransformMatrix {
       0.575949, 0.000000, 0.000000, 0.000000,
       0.000000, 0.368383, 0.442732, 0.000000,
       0.000000,-0.442732, 0.368383, 0.000000,
       0.000000, 0.132877, 1.035915, 1.000000;;
    }
    Frame Armature_Bone {
      FrameTransformMatrix {
         1.000000, 0.000000, 0.000000, 0.000000,
         0.000000, 0.000000, 1.000000, 0.000000,
         0.000000,-1.000000, 0.000000, 0.000000,
         0.000000, 0.000000, 0.000000, 1.000000;;
      }
      Frame Armature_Bone_035 {
        FrameTransformMatrix {
          -0.676859,-0.054259, 0.734111, 0.000000,
           0.730724, 0.070923, 0.678978, 0.000000,
          -0.088907, 0.996005,-0.008357, 0.000000,
           0.000000, 1.000000, 0.000000, 1.000000;;
        }
        Frame Armature_Bone_036 {
          FrameTransformMatrix {
             0.779600,-0.619999, 0.088458, 0.000000,
             0.625638, 0.777380,-0.065260, 0.000000,
            -0.028305, 0.106219, 0.993940, 0.000000,
             0.000000, 0.629136, 0.000000, 1.000000;;
          }
          Frame Armature_Bone_037 {
            FrameTransformMatrix {
               0.984046, 0.116263, 0.134675, 0.000000,
              -0.018229, 0.818854,-0.573712, 0.000000,
              -0.176980, 0.562103, 0.807909, 0.000000,
              -0.000000, 0.656499,-0.000000, 1.000000;;
            }
          } // End of Armature_Bone_037
        } // End of Armature_Bone_036
      } // End of Armature_Bone_035
      Frame Armature_Bone_144 {
        FrameTransformMatrix {
          -0.608361, 0.046221,-0.792314, 0.000000,
          -0.793443,-0.011998, 0.608527, 0.000000,
           0.018620, 0.998859, 0.043973, 0.000000,
           0.000000, 1.000000, 0.000000, 1.000000;;
        }
        Frame Armature_Bone_147 {
          FrameTransformMatrix {
             0.697637, 0.716324,-0.013505, 0.000000,
            -0.715201, 0.697409, 0.045927, 0.000000,
             0.042317,-0.022381, 0.998854, 0.000000,
             0.000000, 0.590322, 0.000000, 1.000000;;
          }
          Frame Armature_Bone_150 {
            FrameTransformMatrix {
               0.997343,-0.066360, 0.030054, 0.000000,
               0.072563, 0.868485,-0.490375, 0.000000,
               0.006439, 0.491253, 0.870993, 0.000000,
               0.000000, 0.702090,-0.000000, 1.000000;;
            }
          } // End of Armature_Bone_150
        } // End of Armature_Bone_147
      } // End of Armature_Bone_144
      Frame Armature_Bone_145 {
        FrameTransformMatrix {
          -0.608361, 0.046221,-0.792314, 0.000000,
          -0.793443,-0.011998, 0.608527, 0.000000,
           0.018620, 0.998859, 0.043973, 0.000000,
           0.000000, 1.000000, 0.000000, 1.000000;;
        }
        Frame Armature_Bone_148 {
          FrameTransformMatrix {
             0.697637, 0.716324,-0.013505, 0.000000,
            -0.715201, 0.697409, 0.045927, 0.000000,
             0.042317,-0.022381, 0.998854, 0.000000,
             0.000000, 0.590322, 0.000000, 1.000000;;
          }
          Frame Armature_Bone_151 {
            FrameTransformMatrix {
               0.997343,-0.066360, 0.030054, 0.000000,
               0.072563, 0.868485,-0.490375, 0.000000,
               0.006439, 0.491253, 0.870993, 0.000000,
               0.000000, 0.702090,-0.000000, 1.000000;;
            }
          } // End of Armature_Bone_151
        } // End of Armature_Bone_148
      } // End of Armature_Bone_145
      Frame Armature_Bone_146 {
        FrameTransformMatrix {
          -0.608361, 0.046221,-0.792314, 0.000000,
          -0.793443,-0.011998, 0.608527, 0.000000,
           0.018620, 0.998859, 0.043973, 0.000000,
           0.000000, 1.000000, 0.000000, 1.000000;;
        }
        Frame Armature_Bone_149 {
          FrameTransformMatrix {
             0.697637, 0.716324,-0.013505, 0.000000,
            -0.715201, 0.697409, 0.045927, 0.000000,
             0.042317,-0.022381, 0.998854, 0.000000,
             0.000000, 0.590322, 0.000000, 1.000000;;
          }
          Frame Armature_Bone_152 {
            FrameTransformMatrix {
               0.997343,-0.066360, 0.030054, 0.000000,
               0.072563, 0.868485,-0.490375, 0.000000,
               0.006439, 0.491253, 0.870993, 0.000000,
               0.000000, 0.702090,-0.000000, 1.000000;;
            }
          } // End of Armature_Bone_152
        } // End of Armature_Bone_149
      } // End of Armature_Bone_146
      Frame Armature_Bone_217 {
        FrameTransformMatrix {
          -1.000000,-0.000000, 0.000000, 0.000000,
          -0.000000, 0.994170, 0.107822, 0.000000,
          -0.000000, 0.107822,-0.994170, 0.000000,
           0.000000, 1.000000, 0.000000, 1.000000;;
        }
        Frame Armature_Bone_220 {
          FrameTransformMatrix {
             1.000000, 0.000000, 0.000000, 0.000000,
             0.000000, 0.991387,-0.130962, 0.000000,
            -0.000000, 0.130962, 0.991387, 0.000000,
            -0.000000, 0.990947, 0.000000, 1.000000;;
          }
        } // End of Armature_Bone_220
        Frame Armature_Bone_223 {
          FrameTransformMatrix {
             1.000000, 0.000001, 0.000001, 0.000000,
             0.000000, 0.599963,-0.800028, 0.000000,
            -0.000001, 0.800028, 0.599963, 0.000000,
            -0.000000, 0.990947, 0.000000, 1.000000;;
          }
        } // End of Armature_Bone_223
      } // End of Armature_Bone_217
      Frame Armature_Bone_218 {
        FrameTransformMatrix {
          -1.000000,-0.000000, 0.000000, 0.000000,
          -0.000000, 0.994170, 0.107822, 0.000000,
          -0.000000, 0.107822,-0.994170, 0.000000,
           0.000000, 1.000000, 0.000000, 1.000000;;
        }
        Frame Armature_Bone_221 {
          FrameTransformMatrix {
             1.000000, 0.000000, 0.000000, 0.000000,
             0.000000, 0.991387,-0.130962, 0.000000,
            -0.000000, 0.130962, 0.991387, 0.000000,
            -0.000000, 0.990947, 0.000000, 1.000000;;
          }
        } // End of Armature_Bone_221
        Frame Armature_Bone_224 {
          FrameTransformMatrix {
             1.000000, 0.000001, 0.000001, 0.000000,
             0.000000, 0.599963,-0.800028, 0.000000,
            -0.000001, 0.800028, 0.599963, 0.000000,
            -0.000000, 0.990947, 0.000000, 1.000000;;
          }
        } // End of Armature_Bone_224
      } // End of Armature_Bone_218
      Frame Armature_Bone_219 {
        FrameTransformMatrix {
          -1.000000,-0.000000, 0.000000, 0.000000,
          -0.000000, 0.994170, 0.107822, 0.000000,
          -0.000000, 0.107822,-0.994170, 0.000000,
           0.000000, 1.000000, 0.000000, 1.000000;;
        }
        Frame Armature_Bone_222 {
          FrameTransformMatrix {
             1.000000, 0.000000, 0.000000, 0.000000,
             0.000000, 0.991387,-0.130962, 0.000000,
            -0.000000, 0.130962, 0.991387, 0.000000,
            -0.000000, 0.990947, 0.000000, 1.000000;;
          }
        } // End of Armature_Bone_222
        Frame Armature_Bone_225 {
          FrameTransformMatrix {
             1.000000, 0.000001, 0.000000, 0.000000,
             0.000000, 0.066763,-0.997769, 0.000000,
            -0.000001, 0.997769, 0.066763, 0.000000,
            -0.000000, 0.990947, 0.000000, 1.000000;;
          }
        } // End of Armature_Bone_225
      } // End of Armature_Bone_219
    } // End of Armature_Bone
    Frame Armature_Bone_001 {
      FrameTransformMatrix {
         1.000000, 0.000000,-0.000000, 0.000000,
        -0.000000, 0.328092,-0.944646, 0.000000,
        -0.000000, 0.944646, 0.328092, 0.000000,
         0.000000, 0.000000, 0.000000, 1.000000;;
      }
      Frame Armature_Bone_002 {
        FrameTransformMatrix {
          -0.998597, 0.017375, 0.050026, 0.000000,
          -0.013439, 0.830575,-0.556743, 0.000000,
          -0.051223,-0.556635,-0.829177, 0.000000,
          -0.000000, 1.097962, 0.000000, 1.000000;;
        }
        Frame Armature_Bone_003 {
          FrameTransformMatrix {
             0.996111, 0.022361, 0.085226, 0.000000,
            -0.028616, 0.996929, 0.072897, 0.000000,
            -0.083335,-0.075052, 0.993691, 0.000000,
            -0.000000, 0.609704,-0.000000, 1.000000;;
          }
          Frame Armature_Bone_004 {
            FrameTransformMatrix {
               0.572797,-0.223019,-0.788776, 0.000000,
               0.005200, 0.963246,-0.268572, 0.000000,
               0.819681, 0.149736, 0.552903, 0.000000,
               0.000000, 0.431982, 0.000000, 1.000000;;
            }
          } // End of Armature_Bone_004
        } // End of Armature_Bone_003
      } // End of Armature_Bone_002
    } // End of Armature_Bone_001
    Frame Armature_Bone_011 {
      FrameTransformMatrix {
         0.159753,-0.987157, 0.000000, 0.000000,
         0.978550, 0.158360, 0.131766, 0.000000,
        -0.130074,-0.021050, 0.991281, 0.000000,
         0.000000, 0.000000, 0.000000, 1.000000;;
      }
      Frame Armature_Bone_017 {
        FrameTransformMatrix {
          -0.267165,-0.952742, 0.144585, 0.000000,
           0.933185,-0.293219,-0.207821, 0.000000,
           0.240395, 0.079402, 0.967422, 0.000000,
          -0.000000, 0.898255, 0.000000, 1.000000;;
        }
        Frame Armature_Bone_023 {
          FrameTransformMatrix {
             0.999675,-0.013365,-0.021712, 0.000000,
            -0.011194, 0.535038,-0.844754, 0.000000,
             0.022907, 0.844722, 0.534715, 0.000000,
             0.000000, 1.308747,-0.000000, 1.000000;;
          }
          Frame Armature_Bone_029 {
            FrameTransformMatrix {
               0.975076,-0.103399, 0.196306, 0.000000,
              -0.215667,-0.233900, 0.948039, 0.000000,
              -0.052110,-0.966747,-0.250370, 0.000000,
              -0.000000, 0.793832,-0.000000, 1.000000;;
            }
            Frame Armature_Bone_120 {
              FrameTransformMatrix {
                 0.028173, 0.848462,-0.528506, 0.000000,
                -0.986795, 0.107974, 0.120737, 0.000000,
                 0.159506, 0.518125, 0.840300, 0.000000,
                 0.000000, 0.606265,-0.000000, 1.000000;;
              }
            } // End of Armature_Bone_120
            Frame Armature_Bone_126 {
              FrameTransformMatrix {
                 0.028173, 0.848462,-0.528506, 0.000000,
                -0.986795, 0.107974, 0.120737, 0.000000,
                 0.159506, 0.518125, 0.840300, 0.000000,
                 0.000000, 0.606265,-0.000000, 1.000000;;
              }
            } // End of Armature_Bone_126
            Frame Armature_Bone_132 {
              FrameTransformMatrix {
                 0.028173, 0.848462,-0.528506, 0.000000,
                -0.986795, 0.107974, 0.120737, 0.000000,
                 0.159506, 0.518125, 0.840300, 0.000000,
                 0.000000, 0.606265,-0.000000, 1.000000;;
              }
            } // End of Armature_Bone_132
            Frame Armature_Bone_138 {
              FrameTransformMatrix {
                 0.028173, 0.848462,-0.528506, 0.000000,
                -0.986795, 0.107974, 0.120737, 0.000000,
                 0.159506, 0.518125, 0.840300, 0.000000,
                 0.000000, 0.606265,-0.000000, 1.000000;;
              }
            } // End of Armature_Bone_138
          } // End of Armature_Bone_029
        } // End of Armature_Bone_023
      } // End of Armature_Bone_017
    } // End of Armature_Bone_011
    Frame Armature_Bone_012 {
      FrameTransformMatrix {
         0.159753,-0.987157, 0.000000, 0.000000,
         0.978550, 0.158360, 0.131766, 0.000000,
        -0.130074,-0.021050, 0.991281, 0.000000,
         0.000000, 0.000000, 0.000000, 1.000000;;
      }
      Frame Armature_Bone_018 {
        FrameTransformMatrix {
          -0.267165,-0.952742, 0.144585, 0.000000,
           0.933185,-0.293219,-0.207821, 0.000000,
           0.240395, 0.079402, 0.967422, 0.000000,
          -0.000000, 0.898255, 0.000000, 1.000000;;
        }
        Frame Armature_Bone_024 {
          FrameTransformMatrix {
             0.999675,-0.013365,-0.021712, 0.000000,
            -0.011194, 0.535038,-0.844754, 0.000000,
             0.022907, 0.844722, 0.534715, 0.000000,
             0.000000, 1.308747,-0.000000, 1.000000;;
          }
          Frame Armature_Bone_030 {
            FrameTransformMatrix {
               0.975076,-0.103399, 0.196306, 0.000000,
              -0.215667,-0.233900, 0.948039, 0.000000,
              -0.052110,-0.966747,-0.250370, 0.000000,
              -0.000000, 0.793832,-0.000000, 1.000000;;
            }
            Frame Armature_Bone_121 {
              FrameTransformMatrix {
                 0.028173, 0.848462,-0.528506, 0.000000,
                -0.986795, 0.107974, 0.120737, 0.000000,
                 0.159506, 0.518125, 0.840300, 0.000000,
                 0.000000, 0.606265,-0.000000, 1.000000;;
              }
            } // End of Armature_Bone_121
            Frame Armature_Bone_127 {
              FrameTransformMatrix {
                 0.028173, 0.848462,-0.528506, 0.000000,
                -0.986795, 0.107974, 0.120737, 0.000000,
                 0.159506, 0.518125, 0.840300, 0.000000,
                 0.000000, 0.606265,-0.000000, 1.000000;;
              }
            } // End of Armature_Bone_127
            Frame Armature_Bone_133 {
              FrameTransformMatrix {
                 0.028173, 0.848462,-0.528506, 0.000000,
                -0.986795, 0.107974, 0.120737, 0.000000,
                 0.159506, 0.518125, 0.840300, 0.000000,
                 0.000000, 0.606265,-0.000000, 1.000000;;
              }
            } // End of Armature_Bone_133
            Frame Armature_Bone_139 {
              FrameTransformMatrix {
                 0.028173, 0.848462,-0.528506, 0.000000,
                -0.986795, 0.107974, 0.120737, 0.000000,
                 0.159506, 0.518125, 0.840300, 0.000000,
                 0.000000, 0.606265,-0.000000, 1.000000;;
              }
            } // End of Armature_Bone_139
          } // End of Armature_Bone_030
        } // End of Armature_Bone_024
      } // End of Armature_Bone_018
    } // End of Armature_Bone_012
    Frame Armature_Bone_013 {
      FrameTransformMatrix {
         0.159753,-0.987157, 0.000000, 0.000000,
         0.978550, 0.158360, 0.131766, 0.000000,
        -0.130074,-0.021050, 0.991281, 0.000000,
         0.000000, 0.000000, 0.000000, 1.000000;;
      }
      Frame Armature_Bone_019 {
        FrameTransformMatrix {
          -0.267165,-0.952742, 0.144585, 0.000000,
           0.933185,-0.293219,-0.207821, 0.000000,
           0.240395, 0.079402, 0.967422, 0.000000,
          -0.000000, 0.898255, 0.000000, 1.000000;;
        }
        Frame Armature_Bone_025 {
          FrameTransformMatrix {
             0.999675,-0.013365,-0.021712, 0.000000,
            -0.011194, 0.535038,-0.844754, 0.000000,
             0.022907, 0.844722, 0.534715, 0.000000,
             0.000000, 1.308747,-0.000000, 1.000000;;
          }
          Frame Armature_Bone_031 {
            FrameTransformMatrix {
               0.975076,-0.103399, 0.196306, 0.000000,
              -0.215667,-0.233900, 0.948039, 0.000000,
              -0.052110,-0.966747,-0.250370, 0.000000,
              -0.000000, 0.793832,-0.000000, 1.000000;;
            }
            Frame Armature_Bone_122 {
              FrameTransformMatrix {
                 0.028173, 0.848462,-0.528506, 0.000000,
                -0.986795, 0.107974, 0.120737, 0.000000,
                 0.159506, 0.518125, 0.840300, 0.000000,
                 0.000000, 0.606265,-0.000000, 1.000000;;
              }
            } // End of Armature_Bone_122
            Frame Armature_Bone_128 {
              FrameTransformMatrix {
                 0.028173, 0.848462,-0.528506, 0.000000,
                -0.986795, 0.107974, 0.120737, 0.000000,
                 0.159506, 0.518125, 0.840300, 0.000000,
                 0.000000, 0.606265,-0.000000, 1.000000;;
              }
            } // End of Armature_Bone_128
            Frame Armature_Bone_134 {
              FrameTransformMatrix {
                 0.028173, 0.848462,-0.528506, 0.000000,
                -0.986795, 0.107974, 0.120737, 0.000000,
                 0.159506, 0.518125, 0.840300, 0.000000,
                 0.000000, 0.606265,-0.000000, 1.000000;;
              }
            } // End of Armature_Bone_134
            Frame Armature_Bone_140 {
              FrameTransformMatrix {
                 0.028173, 0.848462,-0.528506, 0.000000,
                -0.986795, 0.107974, 0.120737, 0.000000,
                 0.159506, 0.518125, 0.840300, 0.000000,
                 0.000000, 0.606265,-0.000000, 1.000000;;
              }
            } // End of Armature_Bone_140
          } // End of Armature_Bone_031
        } // End of Armature_Bone_025
      } // End of Armature_Bone_019
    } // End of Armature_Bone_013
    Frame Armature_Bone_014 {
      FrameTransformMatrix {
         0.159753,-0.987157, 0.000000, 0.000000,
         0.978550, 0.158360, 0.131766, 0.000000,
        -0.130074,-0.021050, 0.991281, 0.000000,
         0.000000, 0.000000, 0.000000, 1.000000;;
      }
      Frame Armature_Bone_020 {
        FrameTransformMatrix {
          -0.267165,-0.952742, 0.144585, 0.000000,
           0.933185,-0.293219,-0.207821, 0.000000,
           0.240395, 0.079402, 0.967422, 0.000000,
          -0.000000, 0.898255, 0.000000, 1.000000;;
        }
        Frame Armature_Bone_026 {
          FrameTransformMatrix {
             0.999675,-0.013365,-0.021712, 0.000000,
            -0.011194, 0.535038,-0.844754, 0.000000,
             0.022907, 0.844722, 0.534715, 0.000000,
             0.000000, 1.308747,-0.000000, 1.000000;;
          }
          Frame Armature_Bone_032 {
            FrameTransformMatrix {
               0.975076,-0.103399, 0.196306, 0.000000,
              -0.215667,-0.233900, 0.948039, 0.000000,
              -0.052110,-0.966747,-0.250370, 0.000000,
              -0.000000, 0.793832,-0.000000, 1.000000;;
            }
            Frame Armature_Bone_123 {
              FrameTransformMatrix {
                 0.028173, 0.848462,-0.528506, 0.000000,
                -0.986795, 0.107974, 0.120737, 0.000000,
                 0.159506, 0.518125, 0.840300, 0.000000,
                 0.000000, 0.606265,-0.000000, 1.000000;;
              }
            } // End of Armature_Bone_123
            Frame Armature_Bone_129 {
              FrameTransformMatrix {
                 0.028173, 0.848462,-0.528506, 0.000000,
                -0.986795, 0.107974, 0.120737, 0.000000,
                 0.159506, 0.518125, 0.840300, 0.000000,
                 0.000000, 0.606265,-0.000000, 1.000000;;
              }
            } // End of Armature_Bone_129
            Frame Armature_Bone_135 {
              FrameTransformMatrix {
                 0.028173, 0.848462,-0.528506, 0.000000,
                -0.986795, 0.107974, 0.120737, 0.000000,
                 0.159506, 0.518125, 0.840300, 0.000000,
                 0.000000, 0.606265,-0.000000, 1.000000;;
              }
            } // End of Armature_Bone_135
            Frame Armature_Bone_141 {
              FrameTransformMatrix {
                 0.028173, 0.848462,-0.528506, 0.000000,
                -0.986795, 0.107974, 0.120737, 0.000000,
                 0.159506, 0.518125, 0.840300, 0.000000,
                 0.000000, 0.606265,-0.000000, 1.000000;;
              }
            } // End of Armature_Bone_141
          } // End of Armature_Bone_032
        } // End of Armature_Bone_026
      } // End of Armature_Bone_020
    } // End of Armature_Bone_014
    Frame Armature_Bone_015 {
      FrameTransformMatrix {
         0.159753,-0.987157, 0.000000, 0.000000,
         0.978550, 0.158360, 0.131766, 0.000000,
        -0.130074,-0.021050, 0.991281, 0.000000,
         0.000000, 0.000000, 0.000000, 1.000000;;
      }
      Frame Armature_Bone_021 {
        FrameTransformMatrix {
          -0.267165,-0.952742, 0.144585, 0.000000,
           0.933185,-0.293219,-0.207821, 0.000000,
           0.240395, 0.079402, 0.967422, 0.000000,
          -0.000000, 0.898255, 0.000000, 1.000000;;
        }
        Frame Armature_Bone_027 {
          FrameTransformMatrix {
             0.999675,-0.013365,-0.021712, 0.000000,
            -0.011194, 0.535038,-0.844754, 0.000000,
             0.022907, 0.844722, 0.534715, 0.000000,
             0.000000, 1.308747,-0.000000, 1.000000;;
          }
          Frame Armature_Bone_033 {
            FrameTransformMatrix {
               0.975076,-0.103399, 0.196306, 0.000000,
              -0.215667,-0.233900, 0.948039, 0.000000,
              -0.052110,-0.966747,-0.250370, 0.000000,
              -0.000000, 0.793832,-0.000000, 1.000000;;
            }
            Frame Armature_Bone_124 {
              FrameTransformMatrix {
                 0.028173, 0.848462,-0.528506, 0.000000,
                -0.986795, 0.107974, 0.120737, 0.000000,
                 0.159506, 0.518125, 0.840300, 0.000000,
                 0.000000, 0.606265,-0.000000, 1.000000;;
              }
            } // End of Armature_Bone_124
            Frame Armature_Bone_130 {
              FrameTransformMatrix {
                 0.028173, 0.848462,-0.528506, 0.000000,
                -0.986795, 0.107974, 0.120737, 0.000000,
                 0.159506, 0.518125, 0.840300, 0.000000,
                 0.000000, 0.606265,-0.000000, 1.000000;;
              }
            } // End of Armature_Bone_130
            Frame Armature_Bone_136 {
              FrameTransformMatrix {
                 0.028173, 0.848462,-0.528506, 0.000000,
                -0.986795, 0.107974, 0.120737, 0.000000,
                 0.159506, 0.518125, 0.840300, 0.000000,
                 0.000000, 0.606265,-0.000000, 1.000000;;
              }
            } // End of Armature_Bone_136
            Frame Armature_Bone_142 {
              FrameTransformMatrix {
                 0.028173, 0.848462,-0.528506, 0.000000,
                -0.986795, 0.107974, 0.120737, 0.000000,
                 0.159506, 0.518125, 0.840300, 0.000000,
                 0.000000, 0.606265,-0.000000, 1.000000;;
              }
            } // End of Armature_Bone_142
          } // End of Armature_Bone_033
        } // End of Armature_Bone_027
      } // End of Armature_Bone_021
    } // End of Armature_Bone_015
    Frame Armature_Bone_016 {
      FrameTransformMatrix {
         0.159753,-0.987157, 0.000000, 0.000000,
         0.978550, 0.158360, 0.131766, 0.000000,
        -0.130074,-0.021050, 0.991281, 0.000000,
         0.000000, 0.000000, 0.000000, 1.000000;;
      }
      Frame Armature_Bone_022 {
        FrameTransformMatrix {
          -0.267165,-0.952742, 0.144585, 0.000000,
           0.933185,-0.293219,-0.207821, 0.000000,
           0.240395, 0.079402, 0.967422, 0.000000,
          -0.000000, 0.898255, 0.000000, 1.000000;;
        }
        Frame Armature_Bone_028 {
          FrameTransformMatrix {
             0.999675,-0.013365,-0.021712, 0.000000,
            -0.011194, 0.535038,-0.844754, 0.000000,
             0.022907, 0.844722, 0.534715, 0.000000,
             0.000000, 1.308747,-0.000000, 1.000000;;
          }
          Frame Armature_Bone_034 {
            FrameTransformMatrix {
               0.975076,-0.103399, 0.196306, 0.000000,
              -0.215667,-0.233900, 0.948039, 0.000000,
              -0.052110,-0.966747,-0.250370, 0.000000,
              -0.000000, 0.793832,-0.000000, 1.000000;;
            }
            Frame Armature_Bone_125 {
              FrameTransformMatrix {
                 0.028173, 0.848462,-0.528506, 0.000000,
                -0.986795, 0.107974, 0.120737, 0.000000,
                 0.159506, 0.518125, 0.840300, 0.000000,
                 0.000000, 0.606265,-0.000000, 1.000000;;
              }
            } // End of Armature_Bone_125
            Frame Armature_Bone_131 {
              FrameTransformMatrix {
                 0.028173, 0.848462,-0.528506, 0.000000,
                -0.986795, 0.107974, 0.120737, 0.000000,
                 0.159506, 0.518125, 0.840300, 0.000000,
                 0.000000, 0.606265,-0.000000, 1.000000;;
              }
            } // End of Armature_Bone_131
            Frame Armature_Bone_137 {
              FrameTransformMatrix {
                 0.028173, 0.848462,-0.528506, 0.000000,
                -0.986795, 0.107974, 0.120737, 0.000000,
                 0.159506, 0.518125, 0.840300, 0.000000,
                 0.000000, 0.606265,-0.000000, 1.000000;;
              }
            } // End of Armature_Bone_137
            Frame Armature_Bone_143 {
              FrameTransformMatrix {
                 0.028173, 0.848462,-0.528506, 0.000000,
                -0.986795, 0.107974, 0.120737, 0.000000,
                 0.159506, 0.518125, 0.840300, 0.000000,
                 0.000000, 0.606265,-0.000000, 1.000000;;
              }
            } // End of Armature_Bone_143
          } // End of Armature_Bone_034
        } // End of Armature_Bone_028
      } // End of Armature_Bone_022
    } // End of Armature_Bone_016
    Frame Armature_Bone_153 {
      FrameTransformMatrix {
         0.124342, 0.985337,-0.116832, 0.000000,
        -0.975873, 0.142737, 0.165219, 0.000000,
         0.179473, 0.093469, 0.979312, 0.000000,
         0.000000, 0.000000, 0.000000, 1.000000;;
      }
      Frame Armature_Bone_169 {
        FrameTransformMatrix {
          -0.134495, 0.967238,-0.215317, 0.000000,
          -0.929870,-0.198281,-0.309881, 0.000000,
          -0.342422, 0.158540, 0.926074, 0.000000,
           0.000000, 0.786248, 0.000000, 1.000000;;
        }
        Frame Armature_Bone_185 {
          FrameTransformMatrix {
             0.999269,-0.022259, 0.031087, 0.000000,
             0.037709, 0.439437,-0.897482, 0.000000,
             0.006316, 0.897998, 0.439955, 0.000000,
             0.000000, 1.317995, 0.000000, 1.000000;;
          }
          Frame Armature_Bone_201 {
            FrameTransformMatrix {
               0.987740, 0.150093, 0.042924, 0.000000,
               0.017756,-0.381192, 0.924325, 0.000000,
               0.155097,-0.912231,-0.379184, 0.000000,
               0.000000, 0.824909, 0.000000, 1.000000;;
            }
          } // End of Armature_Bone_201
        } // End of Armature_Bone_185
      } // End of Armature_Bone_169
    } // End of Armature_Bone_153
    Frame Armature_Bone_154 {
      FrameTransformMatrix {
         0.124342, 0.985337,-0.116832, 0.000000,
        -0.975873, 0.142737, 0.165219, 0.000000,
         0.179473, 0.093469, 0.979312, 0.000000,
         0.000000, 0.000000, 0.000000, 1.000000;;
      }
      Frame Armature_Bone_170 {
        FrameTransformMatrix {
          -0.134495, 0.967238,-0.215317, 0.000000,
          -0.929870,-0.198281,-0.309881, 0.000000,
          -0.342422, 0.158540, 0.926074, 0.000000,
           0.000000, 0.786248, 0.000000, 1.000000;;
        }
        Frame Armature_Bone_186 {
          FrameTransformMatrix {
             0.999269,-0.022259, 0.031087, 0.000000,
             0.037709, 0.439437,-0.897482, 0.000000,
             0.006316, 0.897998, 0.439955, 0.000000,
             0.000000, 1.317995, 0.000000, 1.000000;;
          }
          Frame Armature_Bone_202 {
            FrameTransformMatrix {
               0.987740, 0.150093, 0.042924, 0.000000,
               0.017756,-0.381192, 0.924325, 0.000000,
               0.155097,-0.912231,-0.379184, 0.000000,
               0.000000, 0.824909, 0.000000, 1.000000;;
            }
          } // End of Armature_Bone_202
        } // End of Armature_Bone_186
      } // End of Armature_Bone_170
    } // End of Armature_Bone_154
    Frame Armature_Bone_155 {
      FrameTransformMatrix {
         0.124342, 0.985337,-0.116832, 0.000000,
        -0.975873, 0.142737, 0.165219, 0.000000,
         0.179473, 0.093469, 0.979312, 0.000000,
         0.000000, 0.000000, 0.000000, 1.000000;;
      }
      Frame Armature_Bone_171 {
        FrameTransformMatrix {
          -0.134495, 0.967238,-0.215317, 0.000000,
          -0.929870,-0.198281,-0.309881, 0.000000,
          -0.342422, 0.158540, 0.926074, 0.000000,
           0.000000, 0.786248, 0.000000, 1.000000;;
        }
        Frame Armature_Bone_187 {
          FrameTransformMatrix {
             0.999269,-0.022259, 0.031087, 0.000000,
             0.037709, 0.439437,-0.897482, 0.000000,
             0.006316, 0.897998, 0.439955, 0.000000,
             0.000000, 1.317995, 0.000000, 1.000000;;
          }
          Frame Armature_Bone_203 {
            FrameTransformMatrix {
               0.987740, 0.150093, 0.042924, 0.000000,
               0.017756,-0.381192, 0.924325, 0.000000,
               0.155097,-0.912231,-0.379184, 0.000000,
               0.000000, 0.824909, 0.000000, 1.000000;;
            }
          } // End of Armature_Bone_203
        } // End of Armature_Bone_187
      } // End of Armature_Bone_171
    } // End of Armature_Bone_155
    Frame Armature_Bone_156 {
      FrameTransformMatrix {
         0.124342, 0.985337,-0.116832, 0.000000,
        -0.975873, 0.142737, 0.165219, 0.000000,
         0.179473, 0.093469, 0.979312, 0.000000,
         0.000000, 0.000000, 0.000000, 1.000000;;
      }
      Frame Armature_Bone_172 {
        FrameTransformMatrix {
          -0.134495, 0.967238,-0.215317, 0.000000,
          -0.929870,-0.198281,-0.309881, 0.000000,
          -0.342422, 0.158540, 0.926074, 0.000000,
           0.000000, 0.786248, 0.000000, 1.000000;;
        }
        Frame Armature_Bone_188 {
          FrameTransformMatrix {
             0.999269,-0.022259, 0.031087, 0.000000,
             0.037709, 0.439437,-0.897482, 0.000000,
             0.006316, 0.897998, 0.439955, 0.000000,
             0.000000, 1.317995, 0.000000, 1.000000;;
          }
          Frame Armature_Bone_204 {
            FrameTransformMatrix {
               0.987740, 0.150093, 0.042924, 0.000000,
               0.017756,-0.381192, 0.924325, 0.000000,
               0.155097,-0.912231,-0.379184, 0.000000,
               0.000000, 0.824909, 0.000000, 1.000000;;
            }
          } // End of Armature_Bone_204
        } // End of Armature_Bone_188
      } // End of Armature_Bone_172
    } // End of Armature_Bone_156
    Frame Armature_Bone_157 {
      FrameTransformMatrix {
         0.124342, 0.985337,-0.116832, 0.000000,
        -0.975873, 0.142737, 0.165219, 0.000000,
         0.179473, 0.093469, 0.979312, 0.000000,
         0.000000, 0.000000, 0.000000, 1.000000;;
      }
      Frame Armature_Bone_173 {
        FrameTransformMatrix {
          -0.134495, 0.967238,-0.215317, 0.000000,
          -0.929870,-0.198281,-0.309881, 0.000000,
          -0.342422, 0.158540, 0.926074, 0.000000,
           0.000000, 0.786248, 0.000000, 1.000000;;
        }
        Frame Armature_Bone_189 {
          FrameTransformMatrix {
             0.999269,-0.022259, 0.031087, 0.000000,
             0.037709, 0.439437,-0.897482, 0.000000,
             0.006316, 0.897998, 0.439955, 0.000000,
             0.000000, 1.317995, 0.000000, 1.000000;;
          }
          Frame Armature_Bone_205 {
            FrameTransformMatrix {
               0.987740, 0.150093, 0.042924, 0.000000,
               0.017756,-0.381192, 0.924325, 0.000000,
               0.155097,-0.912231,-0.379184, 0.000000,
               0.000000, 0.824909, 0.000000, 1.000000;;
            }
          } // End of Armature_Bone_205
        } // End of Armature_Bone_189
      } // End of Armature_Bone_173
    } // End of Armature_Bone_157
    Frame Armature_Bone_158 {
      FrameTransformMatrix {
         0.124342, 0.985337,-0.116832, 0.000000,
        -0.975873, 0.142737, 0.165219, 0.000000,
         0.179473, 0.093469, 0.979312, 0.000000,
         0.000000, 0.000000, 0.000000, 1.000000;;
      }
      Frame Armature_Bone_174 {
        FrameTransformMatrix {
          -0.134495, 0.967238,-0.215317, 0.000000,
          -0.929870,-0.198281,-0.309881, 0.000000,
          -0.342422, 0.158540, 0.926074, 0.000000,
           0.000000, 0.786248, 0.000000, 1.000000;;
        }
        Frame Armature_Bone_190 {
          FrameTransformMatrix {
             0.999269,-0.022259, 0.031087, 0.000000,
             0.037709, 0.439437,-0.897482, 0.000000,
             0.006316, 0.897998, 0.439955, 0.000000,
             0.000000, 1.317995, 0.000000, 1.000000;;
          }
          Frame Armature_Bone_206 {
            FrameTransformMatrix {
               0.987740, 0.150093, 0.042924, 0.000000,
               0.017756,-0.381192, 0.924325, 0.000000,
               0.155097,-0.912231,-0.379184, 0.000000,
               0.000000, 0.824909, 0.000000, 1.000000;;
            }
          } // End of Armature_Bone_206
        } // End of Armature_Bone_190
      } // End of Armature_Bone_174
    } // End of Armature_Bone_158
    Frame Armature_Bone_159 {
      FrameTransformMatrix {
         0.124342, 0.985337,-0.116832, 0.000000,
        -0.975873, 0.142737, 0.165219, 0.000000,
         0.179473, 0.093469, 0.979312, 0.000000,
         0.000000, 0.000000, 0.000000, 1.000000;;
      }
      Frame Armature_Bone_175 {
        FrameTransformMatrix {
          -0.134495, 0.967238,-0.215317, 0.000000,
          -0.929870,-0.198281,-0.309881, 0.000000,
          -0.342422, 0.158540, 0.926074, 0.000000,
           0.000000, 0.786248, 0.000000, 1.000000;;
        }
        Frame Armature_Bone_191 {
          FrameTransformMatrix {
             0.999269,-0.022259, 0.031087, 0.000000,
             0.037709, 0.439437,-0.897482, 0.000000,
             0.006316, 0.897998, 0.439955, 0.000000,
             0.000000, 1.317995, 0.000000, 1.000000;;
          }
          Frame Armature_Bone_207 {
            FrameTransformMatrix {
               0.987740, 0.150093, 0.042924, 0.000000,
               0.017756,-0.381192, 0.924325, 0.000000,
               0.155097,-0.912231,-0.379184, 0.000000,
               0.000000, 0.824909, 0.000000, 1.000000;;
            }
          } // End of Armature_Bone_207
        } // End of Armature_Bone_191
      } // End of Armature_Bone_175
    } // End of Armature_Bone_159
    Frame Armature_Bone_160 {
      FrameTransformMatrix {
         0.124342, 0.985337,-0.116832, 0.000000,
        -0.975873, 0.142737, 0.165219, 0.000000,
         0.179473, 0.093469, 0.979312, 0.000000,
         0.000000, 0.000000, 0.000000, 1.000000;;
      }
      Frame Armature_Bone_176 {
        FrameTransformMatrix {
          -0.134495, 0.967238,-0.215317, 0.000000,
          -0.929870,-0.198281,-0.309881, 0.000000,
          -0.342422, 0.158540, 0.926074, 0.000000,
           0.000000, 0.786248, 0.000000, 1.000000;;
        }
        Frame Armature_Bone_192 {
          FrameTransformMatrix {
             0.999269,-0.022259, 0.031087, 0.000000,
             0.037709, 0.439437,-0.897482, 0.000000,
             0.006316, 0.897998, 0.439955, 0.000000,
             0.000000, 1.317995, 0.000000, 1.000000;;
          }
          Frame Armature_Bone_208 {
            FrameTransformMatrix {
               0.987740, 0.150093, 0.042924, 0.000000,
               0.017756,-0.381192, 0.924325, 0.000000,
               0.155097,-0.912231,-0.379184, 0.000000,
               0.000000, 0.824909, 0.000000, 1.000000;;
            }
          } // End of Armature_Bone_208
        } // End of Armature_Bone_192
      } // End of Armature_Bone_176
    } // End of Armature_Bone_160
    Frame Armature_Bone_161 {
      FrameTransformMatrix {
         0.124342, 0.985337,-0.116832, 0.000000,
        -0.975873, 0.142737, 0.165219, 0.000000,
         0.179473, 0.093469, 0.979312, 0.000000,
         0.000000, 0.000000, 0.000000, 1.000000;;
      }
      Frame Armature_Bone_177 {
        FrameTransformMatrix {
          -0.134495, 0.967238,-0.215317, 0.000000,
          -0.929870,-0.198281,-0.309881, 0.000000,
          -0.342422, 0.158540, 0.926074, 0.000000,
           0.000000, 0.786248, 0.000000, 1.000000;;
        }
        Frame Armature_Bone_193 {
          FrameTransformMatrix {
             0.999269,-0.022259, 0.031087, 0.000000,
             0.037709, 0.439437,-0.897482, 0.000000,
             0.006316, 0.897998, 0.439955, 0.000000,
             0.000000, 1.317995, 0.000000, 1.000000;;
          }
          Frame Armature_Bone_209 {
            FrameTransformMatrix {
               0.987740, 0.150093, 0.042924, 0.000000,
               0.017756,-0.381192, 0.924325, 0.000000,
               0.155097,-0.912231,-0.379184, 0.000000,
               0.000000, 0.824909, 0.000000, 1.000000;;
            }
          } // End of Armature_Bone_209
        } // End of Armature_Bone_193
      } // End of Armature_Bone_177
    } // End of Armature_Bone_161
    Frame Armature_Bone_162 {
      FrameTransformMatrix {
         0.124342, 0.985337,-0.116832, 0.000000,
        -0.975873, 0.142737, 0.165219, 0.000000,
         0.179473, 0.093469, 0.979312, 0.000000,
         0.000000, 0.000000, 0.000000, 1.000000;;
      }
      Frame Armature_Bone_178 {
        FrameTransformMatrix {
          -0.134495, 0.967238,-0.215317, 0.000000,
          -0.929870,-0.198281,-0.309881, 0.000000,
          -0.342422, 0.158540, 0.926074, 0.000000,
           0.000000, 0.786248, 0.000000, 1.000000;;
        }
        Frame Armature_Bone_194 {
          FrameTransformMatrix {
             0.999269,-0.022259, 0.031087, 0.000000,
             0.037709, 0.439437,-0.897482, 0.000000,
             0.006316, 0.897998, 0.439955, 0.000000,
             0.000000, 1.317995, 0.000000, 1.000000;;
          }
          Frame Armature_Bone_210 {
            FrameTransformMatrix {
               0.987740, 0.150093, 0.042924, 0.000000,
               0.017756,-0.381192, 0.924325, 0.000000,
               0.155097,-0.912231,-0.379184, 0.000000,
               0.000000, 0.824909, 0.000000, 1.000000;;
            }
          } // End of Armature_Bone_210
        } // End of Armature_Bone_194
      } // End of Armature_Bone_178
    } // End of Armature_Bone_162
    Frame Armature_Bone_163 {
      FrameTransformMatrix {
         0.124342, 0.985337,-0.116832, 0.000000,
        -0.975873, 0.142737, 0.165219, 0.000000,
         0.179473, 0.093469, 0.979312, 0.000000,
         0.000000, 0.000000, 0.000000, 1.000000;;
      }
      Frame Armature_Bone_179 {
        FrameTransformMatrix {
          -0.134495, 0.967238,-0.215317, 0.000000,
          -0.929870,-0.198281,-0.309881, 0.000000,
          -0.342422, 0.158540, 0.926074, 0.000000,
           0.000000, 0.786248, 0.000000, 1.000000;;
        }
        Frame Armature_Bone_195 {
          FrameTransformMatrix {
             0.999269,-0.022259, 0.031087, 0.000000,
             0.037709, 0.439437,-0.897482, 0.000000,
             0.006316, 0.897998, 0.439955, 0.000000,
             0.000000, 1.317995, 0.000000, 1.000000;;
          }
          Frame Armature_Bone_211 {
            FrameTransformMatrix {
               0.987740, 0.150093, 0.042924, 0.000000,
               0.017756,-0.381192, 0.924325, 0.000000,
               0.155097,-0.912231,-0.379184, 0.000000,
               0.000000, 0.824909, 0.000000, 1.000000;;
            }
          } // End of Armature_Bone_211
        } // End of Armature_Bone_195
      } // End of Armature_Bone_179
    } // End of Armature_Bone_163
    Frame Armature_Bone_164 {
      FrameTransformMatrix {
         0.124342, 0.985337,-0.116832, 0.000000,
